2024-02-01-03 0.24922833698137126 358.531577970168 1438.5666666666666
2024-02-19-01 0.1456937975762709 261.99144326156954 1798.2333333333333
2024-02-23-00 0.15134627150294644 272.15591029231507 1798.2333333333333
2024-02-28-01 0.19757864659736799 355.29250826627367 1798.2333333333333
2024-03-08-01 0.191494668642454 284.6568249370079 1486.5
2024-03-13-00 0.19581563883575212 352.1222089424107 1798.2333333333333
2024-04-24-00 0.1950167653965813 350.68564809497906 1798.2333333333333
2024-04-25-00 0.19529627980265976 351.1882802171362 1798.2333333333333
2024-05-16-00 0.19459398206206702 349.92538501007766 1798.2333333333333
2024-05-28-00 0.19653900696373927 353.42299362242807 1798.2333333333333
2024-08-01-00 0.18755726434070633 337.2717246462695 1798.2333333333333
